1111111111110110
1111111101110000
1111111011010000
1111111010001011
1111111001001110
1111111100110011
1111111010101000
1111111100100111
1111111010101010
1111111001010101
1111111000110011
1111111110011100
1111111000111000
0000000010001001
1111111011110110
1111111101011000
1111111110110001
1111111110100111
1111111001000101
1111111011110100
1111111000011111
1111111110110100
1111110110000100
1111111111100110
1111111110011001
1111111100100100
1111111100101101
1111111110101100
1111111100011001
1111111101010100
1111111100111100
1111111010111100
1111111111011011
1111111110101001
1111111001101101
1111110111010011
1111110111011101
1111111010001000
1111111010001010
1111110111111101
1111111100110111
1111111100100010
1111110100101110
1111111100110011
1111110111101101
1111111101110100
1111110100100110
0000000000000000
1111111010011010
1111111101100110
1111111000011001
1111111010110100
1111110010110111
0000000000010111
1111110111101100
1111111011000111
0000000001100100
1111111100000011
1111111101011111
0000000000001011
1111110111001111
1111111100101110
1111111001111101
1111111001010100
1111111111110001
0000000000010010
1111111001110101
1111110100111110
1111111001110111
0000000000001010
1111111011100100
1111111010001101
1111111100100110
1111110101111110
1111111010110110
1111111111111101
1111110001001110
0000000000111111
1111111010100001
1111111011010101
1111111011010110
1111111011001001
1111111111010010
1111110111101101
1111110011110001
1111111011110011
1111111100110001
1111110111010110
0000000000101111
1111111011100100
1111111010100100
0000000001100000
1111110101011110
1111111100010011
1111111011010111
1111110110010001
1111111010111111
0000000000100011
1111111100101011
1111111110101111
1111111010111000
1111111101110111
1111111001110001
1111111111001010
1111110110001001
1111111111110100
1111111010000010
0000000010001101
1111111001100100
1111111101001111
1111111000011001
1111111011100001
1111110110110100
1111111010001111
1111111100010101
0000000010010001
1111111000010001
1111111101000000
1111110110000101
1111111101010100
1111111101000001
1111111101111101
1111111010100110
1111111111111010
1111111010001100
1111111010100001
1111111000000100
1111111100000011
