#col0row7[msb-lsb],col0row6[msb-lst],....,col0row0[msb-lst]#
#col1row7[msb-lsb],col1row6[msb-lst],....,col1row0[msb-lst]#
#................#
1110 1101 1001 1100 1011 1010 1111 0010 
1011 0000 1010 1111 1010 1110 0011 0010 
0100 0010 1010 1101 1101 0000 0110 1110 
0011 0100 0001 1111 1110 1111 0010 0010 
0100 1111 0011 1111 0000 0010 0000 0000 
0110 0001 0000 0010 1101 0011 0011 1011 
0010 0101 0100 0100 0010 1111 1100 0000 
0001 1111 0010 0000 0010 1111 0001 1111 
0100 1101 1110 0000 1101 0011 0010 1101 
