#time0col7[msb-lsb],time0col6[msb-lst],....,time0col0[msb-lst]#
#time1col7[msb-lsb],time1col6[msb-lst],....,time1col0[msb-lst]#
#................#
0000000000000000 0000000000010000 0000000000000000 0000000000000000 0000000000000000 0000000000000000 0000000000011100 0000000000000011 0000000000000000 0000000000101010 0000000000001011 0000000000000000 0000000000000000 0000000000000000 0000000000000000 0000000000010110 
0000000000000000 0000000000001010 0000000000000000 0000000000000000 0000000000000000 0000000000000000 0000000000111000 0000000000001010 0000000000000000 0000000000110001 0000000000010011 0000000000000000 0000000000000000 0000000000000000 0000000000000000 0000000000011101 
0000000000000000 0000000000001111 0000000000000000 0000000000000000 0000000000000000 0000000000000000 0000000000111101 0000000000000010 0000000000000000 0000000000011101 0000000000001111 0000000000000000 0000000000000000 0000000000000000 0000000000000000 0000000000100000 
0000000000000000 0000000000000000 0000000000000000 0000000000000000 0000000000000000 0000000000000000 0000000000100010 0000000000000000 0000000000000000 0000000000001000 0000000000000000 0000000000000000 0000000000001100 0000000000000000 0000000000000000 0000000000010010 
0000000000000000 0000000000011000 0000000000001100 0000000000000000 0000000000000000 0000000000000000 0000000000010010 0000000000100011 0000000000000000 0000000000100010 0000000000000000 0000000000000000 0000000000000000 0000000000001001 0000000000000000 0000000000101100 
0000000000000000 0000000000011001 0000000000000000 0000000000000000 0000000000000000 0000000000000000 0000000000010011 0000000000100001 0000000000000000 0000000000000101 0000000000000000 0000000000000000 0000000000000000 0000000000100111 0000000000000000 0000000000110111 
0000000000000000 0000000000010011 0000000000000000 0000000000000000 0000000000000000 0000000000000000 0000000000000011 0000000000010100 0000000000000000 0000000000000000 0000000000000000 0000000000000000 0000000000000000 0000000000010111 0000000000000000 0000000000110111 
0000000000000000 0000000000000000 0000000000000000 0000000000000000 0000000000000000 0000000000000000 0000000000000000 0000000000000000 0000000000000000 0000000000000000 0000000000000000 0000000000000000 0000000000011111 0000000000010110 0000000000010010 0000000000101000 
0000000000010000 0000000000010011 0000000000000000 0000000000000000 0000000000000000 0000000000000000 0000000000000000 0000000000010000 0000000000000000 0000000000000000 0000000000011000 0000000000001100 0000000000000000 0000000000100110 0000000000000000 0000000000101111 
0000000000011111 0000000000101110 0000000000000000 0000000000000000 0000000000000000 0000000000000000 0000000000000000 0000000000001100 0000000000000000 0000000000000000 0000000000111110 0000000000001110 0000000000000000 0000000001001001 0000000000000000 0000000000110001 
0000000000010010 0000000000101111 0000000000000000 0000000000000000 0000000000000000 0000000000000000 0000000000000000 0000000000000000 0000000000000000 0000000000000000 0000000000101100 0000000000011001 0000000000001000 0000000000110100 0000000000011100 0000000000110001 
0000000000000000 0000000000010110 0000000000000000 0000000000000000 0000000000000000 0000000000000000 0000000000000000 0000000000000000 0000000000000000 0000000000000000 0000000000001100 0000000000011100 0000000000011101 0000000000010111 0000000000101110 0000000000011100 
0000000000100100 0000000000011111 0000000000000101 0000000000001100 0000000000000000 0000000000000000 0000000000000000 0000000000001111 0000000000000000 0000000000000000 0000000000101111 0000000000001100 0000000000000110 0000000001000000 0000000000000000 0000000000010110 
0000000000110110 0000000000101110 0000000000000000 0000000000000000 0000000000000000 0000000000000000 0000000000000000 0000000000011001 0000000000000000 0000000000000000 0000000001000000 0000000000001000 0000000000000000 0000000001100010 0000000000000000 0000000000001000 
0000000000011110 0000000000100110 0000000000000000 0000000000000000 0000000000000000 0000000000000000 0000000000000000 0000000000001110 0000000000000000 0000000000000000 0000000000101101 0000000000010100 0000000000000000 0000000000110110 0000000000011000 0000000000000000 
0000000000000000 0000000000010101 0000000000000000 0000000000000000 0000000000000000 0000000000000000 0000000000000000 0000000000000111 0000000000000000 0000000000000000 0000000000000001 0000000000010101 0000000000000000 0000000000011010 0000000000100010 0000000000000000 
