#time0col7[msb-lsb],time0col6[msb-lst],....,time0col0[msb-lst]#
#time1col7[msb-lsb],time1col6[msb-lst],....,time1col0[msb-lst]#
#................#
0000000000000011 0000000000000000 0000000000001010 0000000000001000 0000000000000001 0000000000000010 0000000000000110 0000000000000110 
0000000000000000 0000000000000000 0000000000001100 0000000000000110 0000000000000110 0000000000000000 0000000000000000 0000000000010011 
0000000000000000 0000000000000000 0000000000000110 0000000000000000 0000000000000110 0000000000000000 0000000000000000 0000000000001010 
0000000000000001 0000000000000101 0000000000000000 0000000000000101 0000000000000001 0000000000000000 0000000000000000 0000000000000001 
0000000000010011 0000000000000000 0000000000001111 0000000000010000 0000000000000000 0000000000000111 0000000000001000 0000000000000000 
0000000000010001 0000000000000000 0000000000001100 0000000000001100 0000000000000100 0000000000000000 0000000000000000 0000000000000000 
0000000000000100 0000000000000000 0000000000000000 0000000000000001 0000000000000010 0000000000000000 0000000000000000 0000000000000000 
0000000000000010 0000000000000000 0000000000000000 0000000000000111 0000000000000000 0000000000000011 0000000000000001 0000000000000000 
0000000000010101 0000000000000000 0000000000010001 0000000000001111 0000000000000001 0000000000000000 0000000000000110 0000000000000000 
0000000000010101 0000000000000000 0000000000001000 0000000000000111 0000000000000111 0000000000000000 0000000000000000 0000000000000000 
0000000000000101 0000000000000000 0000000000000000 0000000000000010 0000000000000101 0000000000000011 0000000000000000 0000000000000000 
0000000000000000 0000000000000010 0000000000000000 0000000000001010 0000000000000100 0000000000001011 0000000000000001 0000000000000101 
0000000000000100 0000000000000100 0000000000001100 0000000000001101 0000000000001000 0000000000000000 0000000000000110 0000000000000000 
0000000000000100 0000000000000011 0000000000000100 0000000000001000 0000000000001100 0000000000000000 0000000000001011 0000000000000000 
0000000000000000 0000000000000011 0000000000000000 0000000000000011 0000000000001000 0000000000001110 0000000000010110 0000000000000000 
0000000000000000 0000000000000110 0000000000000000 0000000000000101 0000000000000101 0000000000001011 0000000000001110 0000000000000011 
